
This is mm_MPC, an interior point solver for nonlinear programming generated by FORCES PRO v3.0.1.
Problem size: 400 variables, 210 equality and 1320 constraints in 20 stage(s)
(c) embotech AG, Zurich, Switzerland, 2013-2020. All rights reserved. Email: info@embotech.com

  It.   objective   res_stat   res_eq   res_ineq   rsnorm   rcompnorm     barrier    step_p  step_d  lsit  dw       dc     skips
  ---------------------------------------------------------------------------------------------------------------------------------
    0  +9,6570e+03  2,00e+04  1,03e-01  0,00e+00  2,00e+04  1,27e+01    1,0e-01 (A)  0,0000  0,0000   1  1,6e-05  1,6e-05    0
    1  +7,7353e+03  2,00e+04  1,03e-01  2,23e-06  2,00e+04  1,52e+01    4,0e+00 (A)  0,0001  0,0146   1  1,6e-05  1,6e-05    0
    2  +1,0164e+04  1,93e+04  8,99e-02  2,83e-01  1,93e+04  1,47e+01    4,8e+00 (A)  0,0342  0,0506   1  1,3e-05  1,3e-05    0
    3  +7,7901e+03  1,69e+04  7,90e-02  3,70e-01  1,69e+04  1,44e+01    4,7e+00 (M)  0,1008  0,0346   1  1,0e-05  1,0e-05    0
    4  +4,4060e+03  1,17e+04  6,79e-02  2,52e-01  1,17e+04  1,39e+01    4,7e+00 (M)  0,2042  0,0443   1  8,3e-06  8,3e-06    0
    5  +4,2463e+03  1,14e+04  6,68e-02  2,47e-01  1,14e+04  1,35e+01    4,7e+00 (A)  0,0173  0,0507   1  6,8e-06  6,8e-06    0
    6  +3,4948e+03  1,07e+04  6,23e-02  4,88e-01  1,07e+04  1,32e+01    4,6e+00 (A)  0,0685  0,0338   1  6,3e-06  6,3e-06    0
    7  +2,8027e+03  9,30e+03  5,38e-02  4,61e-01  9,30e+03  1,27e+01    4,6e+00 (A)  0,1341  0,0508   1  5,7e-06  5,7e-06    0
    8  +2,1777e+03  7,99e+03  4,58e-02  9,58e-01  7,99e+03  1,21e+01    4,5e+00 (A)  0,1480  0,0770   1  4,8e-06  4,8e-06    0
    9  +1,6591e+03  6,03e+03  3,29e-02  6,22e-01  6,03e+03  1,15e+01    4,4e+00 (A)  0,2680  0,0850   1  4,1e-06  4,1e-06    0
   10  +1,5923e+03  4,16e+03  2,13e-02  1,24e+00  4,16e+03  1,02e+01    4,4e+00 (A)  0,3464  0,1766   1  3,0e-06  3,0e-06    0
   11  +1,5002e+03  2,50e+03  8,44e-03  5,33e-01  2,50e+03  9,66e+00    4,2e+00 (A)  0,5878  0,0927   1  2,1e-06  2,1e-06    0
   12  +1,8861e+03  1,35e+03  9,24e-03  8,68e-01  1,35e+03  2,23e+01    4,1e+00 (A)  0,6736  0,4508   1  9,6e-07  9,6e-07    0
   13  +1,7917e+03  1,21e+03  8,90e-03  6,33e-01  1,21e+03  1,25e+01    3,7e+00 (M)  1,0000  0,5247   1  1,0e-06  1,0e-06    0
   14  +1,8043e+03  9,30e+02  4,72e-03  9,88e-01  9,30e+02  7,33e+00    3,3e+00 (M)  0,7288  0,2901   1  9,5e-07  9,5e-07    0
   15  +1,9013e+03  1,16e+03  2,75e-03  6,30e-01  1,16e+03  5,72e+00    3,1e+00 (M)  0,7768  0,2995   1  5,6e-07  5,6e-07    0
   16  +1,7026e+03  1,65e+03  3,69e-03  1,13e+00  1,65e+03  7,71e+00    2,9e+00 (M)  0,6460  0,1524   1  3,6e-07  3,6e-07    0
   17  +1,7759e+03  1,90e+03  1,96e-02  7,57e-01  1,90e+03  5,95e+00    2,8e+00 (M)  0,6261  0,1495   1  4,4e-07  4,4e-07    0
   18  +1,7336e+03  1,42e+03  1,31e-02  7,45e-01  1,42e+03  5,23e+00    2,7e+00 (M)  0,6765  0,3123   1  1,6e-06  1,6e-06    0
   19  +1,9526e+03  1,51e+03  2,89e-02  5,34e-01  1,51e+03  7,49e+00    2,5e+00 (M)  0,8116  0,1102   1  1,2e-06  1,2e-06    0
   20  +1,7222e+03  1,46e+03  1,56e-02  2,68e-01  1,46e+03  5,34e+00    2,4e+00 (M)  0,4980  0,0882   1  2,2e-06  2,2e-06    0
   21  +1,7382e+03  1,30e+03  1,94e-02  2,07e-01  1,30e+03  1,79e+01    2,4e+00 (A)  0,5235  0,1776   1  1,3e-06  1,3e-06    0
   22  +1,8674e+03  1,49e+03  3,34e-02  9,43e-01  1,49e+03  2,07e+01    2,3e+00 (A)  1,0000  0,0345   1  1,5e-06  1,5e-06    0
   23  +1,6547e+03  9,17e+02  3,53e-02  6,89e-01  9,17e+02  1,14e+01    2,3e+00 (M)  0,7891  0,4246   1  2,3e-06  2,3e-06    0
   24  +2,0884e+03  9,62e+02  2,77e-02  7,13e-01  9,62e+02  7,66e+00    2,1e+00 (M)  0,8182  0,0593   1  2,4e-06  2,4e-06    0
   25  +1,7670e+03  1,23e+03  1,20e-02  9,74e-01  1,23e+03  1,52e+01    2,0e+00 (M)  1,0000  0,3066   1  1,9e-06  1,9e-06    0
   26  +1,6459e+03  7,83e+02  1,31e-02  6,87e-01  7,83e+02  7,31e+00    1,9e+00 (M)  0,6309  0,1655   1  9,8e-07  9,8e-07    0
   27  +1,5621e+03  1,06e+03  1,30e-02  3,88e-01  1,06e+03  6,98e+00    1,8e+00 (M)  1,0000  0,2030   1  1,0e-06  1,0e-06    0
   28  +1,5795e+03  5,38e+02  4,42e-03  5,41e-01  5,38e+02  4,42e+00    1,8e+00 (A)  0,7406  0,4353   1  1,0e-06  1,0e-06    0
   29  +1,5073e+03  7,86e+02  2,42e-03  1,99e-01  7,86e+02  3,61e+00    1,6e+00 (M)  1,0000  0,2280   1  4,3e-07  4,3e-07    0
   30  +1,4850e+03  5,15e+02  1,93e-03  1,56e-01  5,15e+02  3,04e+00    1,5e+00 (A)  0,2475  0,2999   1  2,6e-07  2,6e-07    0
   31  +1,4632e+03  5,08e+02  4,47e-03  2,44e-01  5,08e+02  4,79e+00    1,4e+00 (A)  1,0000  1,0000   1  2,2e-07  2,2e-07    0
   32  +1,4487e+03  6,17e+02  2,79e-03  1,74e-01  6,17e+02  4,23e+00    3,9e-03 (A)  0,4043  0,1818   1  3,7e-07  3,7e-07    0
   33  +1,4028e+03  6,83e+02  1,91e-03  1,06e-01  6,83e+02  3,04e+00    9,1e-01 (A)  1,0000  0,0498   1  2,8e-07  2,8e-07    0
   34  +1,3644e+03  1,62e+02  1,30e-03  1,31e-01  1,62e+02  1,17e+00    9,1e-01 (A)  1,0000  1,0000   1  2,1e-07  2,1e-07    0
   35  +1,3599e+03  7,39e+02  5,68e-03  8,81e-02  7,39e+02  3,60e-01    2,0e-07 (A)  1,0000  0,6828   1  1,1e-09  1,1e-09    0
   36  +1,3358e+03  2,85e+02  1,28e-03  3,74e-02  2,85e+02  2,42e-01    2,3e-01 (A)  1,0000  1,0000   1  4,8e-07  4,8e-07    0
   37  +1,3489e+03  3,36e+02  2,16e-04  3,86e-02  3,36e+02  9,29e-02    2,9e-07 (A)  1,0000  0,6449   1  1,2e-09  1,2e-09    0
   38  +1,3289e+03  1,82e+02  4,29e-04  1,80e-02  1,82e+02  7,49e-02    6,3e-02 (M)  1,0000  1,0000   1  3,6e-08  3,6e-08    0
   39  +1,3282e+03  2,00e+02  7,30e-05  6,60e-03  2,00e+02  2,15e-02    3,2e-07 (A)  0,8295  0,8601   1  1,2e-09  1,2e-09    0
   40  +1,3275e+03  9,82e+01  1,04e-05  1,56e-03  9,82e+01  9,52e-03    7,2e-03 (A)  1,0000  1,0000   1  1,5e-08  1,5e-08    0
   41  +1,3272e+03  1,04e+02  1,61e-05  5,01e-04  1,04e+02  2,80e-03    2,0e-07 (A)  0,8731  0,9559   1  1,1e-09  1,1e-09    0
   42  +1,3271e+03  7,66e+01  9,15e-06  1,58e-04  7,66e+01  9,51e-04    2,8e-04 (A)  0,8638  1,0000   1  5,2e-09  5,2e-09    3
   43  +1,3270e+03  8,45e+01  3,51e-06  4,93e-05  8,45e+01  4,23e-04    2,3e-04 (A)  0,7733  1,0000   1  3,7e-09  3,7e-09    4
   44  +1,3270e+03  5,09e+01  3,07e-06  5,06e-05  5,09e+01  2,82e-04    1,9e-04 (A)  1,0000  0,5518   1  2,2e-09  2,2e-09    2
   45  +1,3270e+03  2,45e+01  1,98e-06  3,78e-05  2,45e+01  4,78e-04    1,7e-04 (A)  1,0000  1,0000   1  2,1e-09  2,1e-09    0
   46  +1,3270e+03  1,71e+01  3,27e-07  1,92e-05  1,71e+01  1,19e-04    2,0e-07 (A)  0,9276  0,9921   1  1,1e-09  1,1e-09    0
   47  +1,3270e+03  2,41e+01  1,06e-07  3,00e-05  2,41e+01  4,67e-05    1,7e-06 (A)  0,6690  0,9224   1  1,2e-09  1,2e-09    0
   48  +1,3956e+03  1,65e+04  6,34e-06  1,76e-04  1,65e+04  6,23e-02    1,5e-06 (M)  0,6760  0,6958   1  1,1e-09  1,1e-09    0
   49  +1,3429e+03  7,94e+03  4,01e-06  3,27e-04  7,94e+03  2,99e-02    3,9e-05 (M)  0,5204  0,4739   1  2,9e-09  2,9e-09    0
   50  +1,3448e+03  1,40e+02  5,47e-05  9,41e-03  1,40e+02  2,46e-04    3,4e-05 (M)  0,8391  0,1864   1  2,3e-09  2,3e-09    0
   51  +1,3447e+03  5,48e+03  5,46e-05  9,40e-03  5,48e+03  2,87e-04    1,8e-05 (M)  0,0013  0,8967   1  5,3e-09  5,3e-09    0
   52  +1,3381e+03  3,22e+03  4,46e-05  7,93e-03  3,22e+03  2,28e-04    1,5e-05 (M)  0,2034  0,3947   1  4,8e-09  4,8e-09    0
   53  +1,3343e+03  3,18e+03  7,02e-05  7,24e-03  3,18e+03  1,19e-04    1,4e-05 (M)  0,1092  0,0140   1  4,5e-09  4,5e-09    0
   54  +1,3339e+03  2,51e+03  6,92e-05  7,13e-03  2,51e+03  1,18e-03    1,4e-05 (M)  0,0158  0,1903   1  4,4e-09  4,4e-09    0
   55  +1,3312e+03  2,41e+03  6,87e-05  5,98e-03  2,41e+03  1,14e-03    1,4e-05 (M)  0,1773  0,0398   1  4,4e-09  4,4e-09    0
   56  +1,3280e+03  2,24e+03  7,26e-05  5,83e-03  2,24e+03  1,67e-02    1,4e-05 (M)  0,2796  0,0768   1  4,4e-09  4,4e-09    0
   57  +1,3276e+03  9,36e+02  7,30e-05  5,15e-03  9,36e+02  1,49e-02    2,4e-05 (M)  0,1192  0,5862   1  6,2e-09  6,2e-09    0
   58  +1,3271e+03  4,40e+02  5,32e-05  3,20e-03  4,40e+02  9,27e-03    2,6e-05 (M)  0,3852  0,4962   1  6,6e-09  6,6e-09    0
   59  +1,3271e+03  3,17e+02  2,12e-05  1,17e-04  3,17e+02  1,48e-03    2,6e-05 (M)  1,0000  0,2960   1  6,6e-09  6,6e-09    0
   60  +1,3270e+03  2,19e+01  1,76e-05  1,73e-04  2,19e+01  8,45e-04    2,1e-05 (M)  0,2833  0,9993   1  5,6e-09  5,6e-09    0
   61  +1,3290e+03  2,75e+03  4,43e-05  5,80e-05  2,75e+03  1,10e-01    1,8e-05 (M)  1,0000  0,8812   1  5,0e-09  5,0e-09    0
   62  +1,3272e+03  8,55e+01  1,04e-05  4,05e-05  8,55e+01  7,30e-04    8,2e-05 (M)  0,9106  1,0000   1  9,3e-09  9,3e-09    0
   63  +1,3278e+03  3,54e+02  3,16e-04  5,86e-04  3,54e+02  1,80e-04    6,6e-05 (M)  0,9891  1,0000   1  3,6e-09  3,6e-09    0
   64  +1,3270e+03  1,28e+01  1,49e-04  3,22e-04  1,28e+01  8,58e-05    5,3e-05 (M)  0,7695  1,0000   1  1,1e-08  1,1e-08    0
   65  +1,3271e+03  2,00e+01  6,40e-05  2,57e-04  2,00e+01  3,39e-04    4,2e-05 (M)  0,6487  0,9591   1  8,9e-09  8,9e-09    0
   66  +1,3270e+03  1,85e+01  1,23e-06  2,87e-04  1,85e+01  5,43e-05    3,4e-05 (M)  1,0000  1,0000   1  7,6e-09  7,6e-09    0
   67  +1,3269e+03  1,40e+01  4,62e-06  5,61e-05  1,40e+01  9,68e-05    2,7e-05 (M)  0,8528  1,0000   1  1,5e-09  1,5e-09    0
   68  +1,3269e+03  6,85e+00  2,58e-07  3,99e-07  6,85e+00  3,61e-05    2,2e-05 (A)  1,0000  1,0000   1  2,3e-09  2,3e-09    2
   69  +1,3270e+03  9,61e+00  4,43e-07  1,32e-06  9,61e+00  1,06e-05    2,0e-07 (A)  1,0000  0,7502   1  1,1e-09  1,1e-09    0
   70  +1,3269e+03  1,05e+01  3,67e-07  1,10e-06  1,05e+01  5,55e-06    4,5e-06 (M)  0,8787  1,0000   1  1,2e-09  1,2e-09    0
   71  +1,3269e+03  6,13e+00  4,03e-09  7,36e-08  6,13e+00  1,52e-05    3,6e-06 (A)  1,0000  1,0000   1  1,2e-09  1,2e-09    0
   72  +1,3269e+03  2,33e+00  3,69e-08  1,32e-07  2,33e+00  3,71e-06    2,0e-07 (A)  1,0000  1,0000   1  1,0e-09  1,0e-09    0
   73  +1,3269e+03  2,00e+00  4,91e-08  5,94e-08  2,00e+00  1,03e-06    2,0e-07 (A)  0,9971  1,0000   1  1,0e-09  1,0e-09    0
   74  +1,3269e+03  2,50e+00  3,87e-09  1,51e-08  2,50e+00  3,68e-07    2,0e-07 (A)  1,0000  1,0000   1  1,0e-09  1,0e-09    0
   75  +1,3269e+03  2,47e+00  3,82e-09  3,96e-09  2,47e+00  2,15e-07    2,0e-07 (A)  1,0000  1,0000   1  1,0e-09  1,0e-09    0
   76  +1,3269e+03  1,77e+00  3,82e-09  4,68e-10  1,77e+00  2,03e-07    2,0e-07 (A)  1,0000  1,0000   1  1,0e-09  1,0e-09    0
   77  +1,3269e+03  1,00e+00  3,82e-09  1,05e-09  1,00e+00  2,06e-07    2,0e-07 (A)  1,0000  1,0000   1  1,0e-09  1,0e-09    0
   78  +1,3269e+03  4,00e-01  3,82e-09  1,55e-09  4,00e-01  2,00e-07    2,0e-07 (M)  1,0000  1,0000   1  1,0e-09  1,0e-09    0
   79  +1,3269e+03  9,43e-02  3,82e-09  3,93e-10  9,43e-02  2,00e-07    2,0e-07 (A)  1,0000  1,0000   1  1,0e-09  1,0e-09    0
   80  +1,3269e+03  9,97e-02  3,82e-09  3,07e-10  9,97e-02  2,00e-07    2,0e-07 (A)  1,0000  1,0000   1  1,0e-09  1,0e-09    3
   81  +1,3269e+03  6,77e-02  3,82e-09  7,50e-11  6,77e-02  2,00e-07    2,0e-07 (A)  1,0000  1,0000   1  1,0e-09  1,0e-09    0
   82  +1,3269e+03  7,76e-02  3,82e-09  9,48e-11  7,76e-02  2,00e-07    2,0e-07 (A)  1,0000  1,0000   1  1,0e-09  1,0e-09    1
   83  +1,3269e+03  1,12e-01  3,82e-09  5,69e-11  1,12e-01  2,00e-07    2,0e-07 (A)  1,0000  1,0000   1  1,0e-09  1,0e-09    3
   84  +1,3269e+03  1,36e-01  3,82e-09  5,48e-11  1,36e-01  2,00e-07    2,0e-07 (A)  1,0000  1,0000   1  1,0e-09  1,0e-09    3
   85  +1,3269e+03  1,68e-01  3,82e-09  7,60e-10  1,68e-01  2,00e-07    2,0e-07 (A)  1,0000  1,0000   1  1,0e-09  1,0e-09    1
   86  +1,3269e+03  6,34e-02  3,82e-09  9,34e-10  6,34e-02  2,00e-07    2,0e-07 (M)  1,0000  1,0000   1  1,0e-09  1,0e-09    0
   87  +1,3269e+03  6,35e-02  3,82e-09  1,20e-09  6,35e-02  2,00e-07    2,0e-07 (M)  1,0000  1,0000   1  1,0e-09  1,0e-09    1
   88  +1,3269e+03  1,56e-01  3,82e-09  3,95e-08  1,56e-01  2,00e-07    2,0e-07 (M)  1,0000  1,0000   1  1,0e-09  1,0e-09    0
   89  +1,3269e+03  5,29e-02  3,82e-09  3,68e-08  5,29e-02  2,00e-07    2,0e-07 (M)  1,0000  1,0000   1  1,0e-09  1,0e-09    0
   90  +1,3269e+03  5,26e-02  3,82e-09  1,23e-08  5,26e-02  2,00e-07    2,0e-07 (A)  1,0000  1,0000   1  1,0e-09  1,0e-09    0
   91  +1,3269e+03  3,04e-02  3,82e-09  1,60e-08  3,04e-02  2,00e-07    2,0e-07 (M)  1,0000  1,0000   1  1,0e-09  1,0e-09    0
   92  +1,3269e+03  2,15e-01  3,82e-09  6,83e-09  2,15e-01  2,00e-07    2,0e-07 (M)  1,0000  1,0000   1  1,0e-09  1,0e-09    0
   93  +1,3269e+03  8,29e-02  3,82e-09  1,08e-08  8,29e-02  2,00e-07    2,0e-07 (M)  1,0000  1,0000   1  1,0e-09  1,0e-09    0
   94  +1,3269e+03  1,91e-01  1,11e-08  4,99e-07  1,91e-01  2,00e-07    2,0e-07 (M)  1,0000  1,0000   1  1,0e-09  1,0e-09    0
   95  +1,3269e+03  1,43e-01  1,05e-08  3,53e-07  1,43e-01  2,00e-07    2,0e-07 (M)  1,0000  1,0000   1  1,0e-09  1,0e-09    0
   96  +1,3269e+03  1,70e-01  3,82e-09  1,16e-08  1,70e-01  2,00e-07    2,0e-07 (A)  1,0000  1,0000   1  1,0e-09  1,0e-09    0
   97  +1,3269e+03  1,50e-01  3,82e-09  2,42e-08  1,50e-01  2,00e-07    2,0e-07 (M)  1,0000  1,0000   1  1,0e-09  1,0e-09    0
   98  +1,3269e+03  1,27e-01  3,82e-09  5,84e-09  1,27e-01  2,00e-07    2,0e-07 (M)  1,0000  1,0000   1  1,0e-09  1,0e-09    0
   99  +1,3269e+03  1,65e-02  3,82e-09  1,27e-08  1,65e-02  2,00e-07    2,0e-07 (M)  1,0000  1,0000   1  1,0e-09  1,0e-09    0
  100  +1,3269e+03  8,59e-02  5,78e-09  1,65e-07  8,59e-02  2,00e-07    2,0e-07 (M)  1,0000  1,0000   1  1,0e-09  1,0e-09    0

MAXIT - Maximum number of iterations reached, exiting.
Solve time: 53,609 ms (100 iterations)

