
This is diffDrive_MPC, an interior point solver for nonlinear programming generated by FORCES PRO v3.0.1.
Problem size: 75 variables, 47 equality and 165 constraints in 15 stage(s)
(c) embotech AG, Zurich, Switzerland, 2013-2020. All rights reserved. Email: info@embotech.com

  It.   objective   res_stat   res_eq   res_ineq   rsnorm   rcompnorm     barrier    step_p  step_d  lsit  dw       dc     skips
  ---------------------------------------------------------------------------------------------------------------------------------
    0  +1.3242e+01  9.99e-01  7.14e-03  0.00e+00  9.99e-01  1.00e+02    1.0e-01 (A)  0.0000  0.0000   1  1.6e-05  1.6e-05    0
    1  +4.0147e+03  5.34e+01  3.67e-02  2.85e-03  5.34e+01  4.73e+02    3.2e+01 (A)  0.9212  1.0000   1  1.9e-06  1.9e-06    0
    2  +2.9339e+02  1.43e+01  6.04e-02  8.95e-04  1.43e+01  7.50e+02    4.7e+01 (A)  1.0000  1.0000   1  5.6e-06  5.6e-06    0
    3  +8.2060e+01  7.33e+01  1.08e-02  8.84e-04  7.33e+01  3.52e+02    3.0e-01 (A)  1.0000  0.5319   1  7.3e-06  7.3e-06    0
    4  +1.6197e+02  4.47e+01  8.81e-03  1.14e-04  4.47e+01  1.69e+02    2.4e+01 (A)  1.0000  0.7254   1  1.7e-06  1.7e-06    0
    5  +8.9454e+01  2.59e+00  1.19e-03  2.34e-05  2.59e+00  5.04e+01    2.1e+01 (A)  1.0000  1.0000   1  1.3e-06  1.3e-06    0
    6  +2.2407e+01  6.06e+00  5.26e-03  2.87e-06  6.06e+00  1.40e+01    1.4e-02 (A)  1.0000  0.8972   1  2.5e-07  2.5e-07    0
    7  +1.4396e+01  2.22e+00  1.51e-03  3.34e-06  2.22e+00  3.97e+00    1.9e+00 (A)  1.0000  1.0000   1  7.9e-07  7.9e-07    0
    8  +1.0186e+01  1.18e+00  6.34e-04  1.05e-06  1.18e+00  8.09e-01    2.0e-07 (A)  1.0000  0.9747   1  1.2e-09  1.2e-09    0
    9  +9.9384e+00  3.61e-01  1.28e-04  2.85e-07  3.61e-01  1.23e-01    6.2e-02 (A)  1.0000  1.0000   1  1.3e-07  1.3e-07    0
   10  +9.9178e+00  1.17e-01  1.00e-05  1.35e-08  1.17e-01  2.80e-03    2.0e-07 (A)  1.0000  0.9985   1  1.2e-09  1.2e-09    0
   11  +9.9175e+00  1.44e-02  2.14e-08  4.16e-10  1.44e-02  1.71e-04    1.7e-04 (A)  1.0000  1.0000   1  5.5e-09  5.5e-09    0
   12  +9.9174e+00  1.70e-03  2.12e-10  1.38e-11  1.70e-03  2.02e-07    2.0e-07 (A)  1.0000  1.0000   1  1.0e-09  1.0e-09    0
   13  +9.9174e+00  2.10e-04  8.01e-12  1.18e-13  2.10e-04  2.00e-07    2.0e-07 (A)  1.0000  1.0000   1  1.0e-09  1.0e-09    0
   14  +9.9174e+00  2.11e-05  1.55e-13  2.22e-15  2.11e-05  2.00e-07    2.0e-07 (A)  1.0000  1.0000   1  1.0e-09  1.0e-09    0
   15  +9.9174e+00  1.37e-06  1.42e-14  1.11e-15  1.37e-06  2.00e-07    2.0e-07 (A)  1.0000  1.0000   1  1.0e-09  1.0e-09    0

OPTIMAL (within EQTOL=1.0e-06, INEQTOL=1.0e-06, STATTOL=1.0e-05, COMPTOL=1.0e-06).
