
This is mm_MPC, an interior point solver for nonlinear programming generated by FORCES PRO v3.0.1.
Problem size: 400 variables, 210 equality and 1440 constraints in 20 stage(s)
(c) embotech AG, Zurich, Switzerland, 2013-2020. All rights reserved. Email: info@embotech.com

  It.   objective   res_stat   res_eq   res_ineq   rsnorm   rcompnorm     barrier    step_p  step_d  lsit  dw       dc     skips
  ---------------------------------------------------------------------------------------------------------------------------------
    0  +5.4151e+02  3.14e+02  1.73e-01  0.00e+00  3.14e+02  2.84e+02    1.0e-01 (A)  0.0000  0.0000   1  1.6e-05  1.6e-05    0
    1  +5.3064e+06  1.07e+05  1.63e-01  8.51e-01  1.07e+05  2.86e+02    9.4e+01 (A)  0.0584  0.0170   1  2.5e-05  2.5e-05    0
    2  +4.2457e+06  9.61e+04  1.46e-01  1.48e+00  9.61e+04  9.99e+02    9.5e+01 (A)  0.1059  1.0000   1  1.9e-05  1.9e-05    0
    3  +3.6642e+06  9.19e+04  2.00e-01  1.25e+00  9.19e+04  1.09e+03    7.7e+01 (A)  0.0415  0.0155   1  1.5e-05  1.5e-05    0
    4  +3.0792e+06  9.03e+04  1.86e-01  1.24e+00  9.03e+04  9.56e+02    7.6e+01 (A)  0.0068  0.0029   1  1.7e-05  1.7e-05    0
    5  +2.4713e+06  7.87e+04  1.70e-01  1.13e+00  7.87e+04  1.27e+03    7.6e+01 (A)  0.0894  0.0226   1  1.5e-05  1.5e-05    0
    6  +2.4148e+06  7.82e+04  1.69e-01  1.12e+00  7.82e+04  1.28e+03    7.5e+01 (A)  0.0057  0.0027   1  1.3e-05  1.3e-05    0
    7  +2.3451e+06  7.77e+04  1.65e-01  1.12e+00  7.77e+04  1.30e+03    7.5e+01 (A)  0.0045  0.0095   1  1.3e-05  1.3e-05    0
    8  +2.0727e+06  7.42e+04  1.84e-01  1.07e+00  7.42e+04  1.33e+03    7.5e+01 (A)  0.0372  0.0034   1  1.2e-05  1.2e-05    0
    9  +1.9658e+06  7.29e+04  1.79e-01  1.06e+00  7.29e+04  1.30e+03    7.5e+01 (A)  0.0159  0.0095   1  1.2e-05  1.2e-05    0
   10  +1.7812e+06  6.98e+04  1.74e-01  1.02e+00  6.98e+04  1.34e+03    7.4e+01 (A)  0.0364  0.0151   1  1.2e-05  1.2e-05    0
   11  +1.6308e+06  6.69e+04  1.69e-01  9.77e-01  6.69e+04  1.26e+03    7.4e+01 (A)  0.0366  0.0151   1  1.1e-05  1.1e-05    0
   12  +1.4134e+06  6.26e+04  1.54e-01  9.25e-01  6.26e+04  1.35e+03    7.4e+01 (A)  0.0606  0.0165   1  1.1e-05  1.1e-05    0
   13  +1.3260e+06  6.08e+04  1.50e-01  8.98e-01  6.08e+04  1.32e+03    7.3e+01 (A)  0.0272  0.0231   1  9.5e-06  9.5e-06    0
   14  +1.2213e+06  5.85e+04  1.44e-01  8.70e-01  5.85e+04  1.34e+03    7.3e+01 (A)  0.0355  0.0071   1  9.1e-06  9.1e-06    0
   15  +1.1169e+06  5.61e+04  1.38e-01  8.32e-01  5.61e+04  1.17e+03    7.3e+01 (A)  0.0386  0.0077   1  8.6e-06  8.6e-06    0
   16  +1.0510e+06  5.46e+04  1.35e-01  8.12e-01  5.46e+04  1.21e+03    7.3e+01 (A)  0.0259  0.0125   1  8.1e-06  8.1e-06    0
   17  +9.2433e+05  5.15e+04  1.24e-01  7.58e-01  5.15e+04  1.04e+03    7.2e+01 (A)  0.0541  0.0065   1  7.8e-06  7.8e-06    0
   18  +7.7903e+05  4.77e+04  1.20e-01  7.10e-01  4.77e+04  9.63e+02    7.2e+01 (A)  0.0704  0.0634   1  7.2e-06  7.2e-06    0
   19  +5.9009e+05  4.20e+04  1.04e-01  6.29e-01  4.20e+04  8.08e+02    7.1e+01 (A)  0.1157  0.0515   1  6.9e-06  6.9e-06    0
   20  +2.2883e+05  2.66e+04  1.29e-01  4.01e-01  2.66e+04  9.79e+02    7.0e+01 (A)  0.3567  0.0269   1  6.0e-06  6.0e-06    0
   21  +8.5263e+04  1.63e+04  1.10e-01  2.81e-01  1.63e+04  6.31e+02    6.9e+01 (A)  0.3766  0.1240   1  7.1e-06  7.1e-06    0
   22  +3.5664e+04  1.09e+04  9.13e-02  2.14e-01  1.09e+04  6.25e+02    6.7e+01 (A)  0.3204  0.0870   1  6.1e-06  6.1e-06    0
   23  +8.8831e+03  5.65e+03  5.71e-02  1.17e-01  5.65e+03  4.60e+02    6.6e+01 (A)  0.4824  0.0612   1  5.2e-06  5.2e-06    0
   24  +2.9526e+03  3.00e+03  3.90e-02  9.71e-02  3.00e+03  5.09e+02    6.4e+01 (A)  0.4664  0.2617   1  3.5e-06  3.5e-06    0
   25  +1.4552e+03  9.23e+02  9.86e-03  1.72e-02  9.23e+02  1.51e+03    6.1e+01 (A)  0.8248  1.0000   1  2.6e-06  2.6e-06    0
   26  +9.0002e+02  4.83e+02  3.93e-03  5.03e-03  4.83e+02  4.00e+02    4.9e+01 (A)  1.0000  1.0000   1  8.4e-07  8.4e-07    0
   27  +3.2206e+02  2.98e+02  1.15e-03  6.36e-03  2.98e+02  1.18e+02    1.6e-03 (A)  0.9441  0.8715   1  1.9e-07  1.9e-07    0
   28  +2.0246e+02  7.23e+01  5.24e-04  6.97e-02  7.23e+01  3.22e+01    5.3e+00 (A)  1.0000  1.0000   1  1.5e-07  1.5e-07    0
   29  +1.2713e+02  1.29e+02  3.13e-05  3.19e-02  1.29e+02  9.01e+00    3.0e-06 (A)  1.0000  0.8772   1  2.2e-09  2.2e-09    0
   30  +1.0529e+02  1.13e+01  3.03e-05  9.47e-02  1.13e+01  2.52e+00    5.4e-01 (A)  1.0000  1.0000   1  9.0e-09  9.0e-09    0
   31  +9.5720e+01  1.52e+02  5.17e-06  1.16e-02  1.52e+02  7.09e-01    2.0e-07 (A)  1.0000  0.8530   1  1.1e-09  1.1e-09    0
   32  +9.3533e+01  9.03e+00  1.30e-06  6.97e-03  9.03e+00  2.12e-01    6.7e-02 (A)  1.0000  1.0000   1  2.9e-09  2.9e-09    0
   33  +9.2385e+01  2.05e+02  2.70e-06  3.29e-03  2.05e+02  5.79e-02    2.0e-07 (A)  1.0000  0.9130   1  1.1e-09  1.1e-09    0
   34  +9.2115e+01  3.76e+00  2.81e-06  6.31e-04  3.76e+00  1.71e-02    5.1e-03 (A)  1.0000  1.0000   1  2.1e-09  2.1e-09    0
   35  +9.1989e+01  1.18e+02  3.10e-06  4.05e-04  1.18e+02  4.47e-03    2.0e-07 (A)  1.0000  0.9568   1  1.1e-09  1.1e-09    0
   36  +9.1964e+01  2.59e+00  3.14e-06  8.25e-05  2.59e+00  1.22e-03    2.2e-04 (A)  1.0000  1.0000   1  2.2e-09  2.2e-09    0
   37  +9.1954e+01  4.41e+01  3.16e-06  5.05e-05  4.41e+01  3.09e-04    2.0e-07 (A)  1.0000  0.9842   1  1.1e-09  1.1e-09    0
   38  +9.1952e+01  9.83e-01  3.16e-06  1.31e-05  9.83e-01  8.03e-05    6.4e-06 (A)  1.0000  1.0000   1  2.2e-09  2.2e-09    0
   39  +9.1951e+01  2.64e-01  3.16e-06  2.42e-06  2.64e-01  2.02e-05    2.0e-07 (A)  1.0000  1.0000   1  1.1e-09  1.1e-09    0
   40  +9.1951e+01  1.69e-01  3.16e-06  4.66e-07  1.69e-01  5.11e-06    2.0e-07 (A)  1.0000  1.0000   1  1.1e-09  1.1e-09    0
   41  +9.1951e+01  2.08e+03  3.16e-06  1.94e-07  2.08e+03  2.33e-06    2.0e-07 (A)  1.0000  0.2600   1  1.1e-09  1.1e-09    0
   42  +9.1951e+01  1.31e-01  2.40e-06  7.62e-08  1.31e-01  3.16e-04    2.0e-07 (A)  1.0000  1.0000   1  1.1e-09  1.1e-09    0
   43  +9.1951e+01  5.77e-02  3.58e-08  2.52e-08  5.77e-02  7.78e-05    2.0e-07 (A)  1.0000  1.0000   1  1.1e-09  1.1e-09    0
   44  +9.1951e+01  5.81e-02  2.57e-08  1.23e-08  5.81e-02  2.06e-07    2.0e-07 (A)  1.0000  0.9993   1  1.0e-09  1.0e-09    0
   45  +9.1951e+01  2.40e-02  8.16e-11  1.56e-08  2.40e-02  2.02e-07    2.0e-07 (A)  1.0000  1.0000   1  1.0e-09  1.0e-09    0
   46  +9.1951e+01  1.50e-02  5.89e-12  3.19e-09  1.50e-02  2.00e-07    2.0e-07 (A)  1.0000  1.0000   1  1.0e-09  1.0e-09    0
   47  +9.1951e+01  1.09e-02  2.14e-12  9.08e-10  1.09e-02  2.00e-07    2.0e-07 (A)  1.0000  1.0000   1  1.0e-09  1.0e-09    0
   48  +9.1951e+01  4.88e-03  1.54e-12  3.24e-10  4.88e-03  2.00e-07    2.0e-07 (A)  1.0000  1.0000   1  1.0e-09  1.0e-09    0
   49  +9.1951e+01  1.96e-03  3.26e-13  1.44e-10  1.96e-03  2.00e-07    2.0e-07 (A)  1.0000  1.0000   1  1.0e-09  1.0e-09    0
   50  +9.1951e+01  1.31e-03  3.80e-13  3.81e-11  1.31e-03  2.00e-07    2.0e-07 (A)  1.0000  1.0000   1  1.0e-09  1.0e-09    0
   51  +9.1951e+01  6.96e-04  2.47e-13  2.41e-11  6.96e-04  2.00e-07    2.0e-07 (A)  1.0000  1.0000   1  1.0e-09  1.0e-09    0
   52  +9.1951e+01  6.30e-04  1.71e-13  1.85e-11  6.30e-04  2.00e-07    2.0e-07 (A)  1.0000  1.0000   1  1.0e-09  1.0e-09    0
   53  +9.1951e+01  4.60e-04  2.20e-13  6.52e-12  4.60e-04  2.00e-07    2.0e-07 (A)  1.0000  1.0000   1  1.0e-09  1.0e-09    0
   54  +9.1951e+01  2.82e-04  1.10e-13  2.46e-12  2.82e-04  2.00e-07    2.0e-07 (A)  1.0000  1.0000   1  1.0e-09  1.0e-09    0
   55  +9.1951e+01  1.13e-04  3.55e-14  6.82e-13  1.13e-04  2.00e-07    2.0e-07 (A)  1.0000  1.0000   1  1.0e-09  1.0e-09    0
   56  +9.1951e+01  7.94e-05  3.55e-14  3.42e-13  7.94e-05  2.00e-07    2.0e-07 (A)  1.0000  1.0000   1  1.0e-09  1.0e-09    0
   57  +9.1951e+01  6.91e-05  2.31e-14  1.71e-13  6.91e-05  2.00e-07    2.0e-07 (A)  1.0000  1.0000   1  1.0e-09  1.0e-09    0
   58  +9.1951e+01  3.62e-05  1.07e-14  1.14e-13  3.62e-05  2.00e-07    2.0e-07 (A)  1.0000  1.0000   1  1.0e-09  1.0e-09    0
   59  +9.1951e+01  1.63e-05  1.07e-14  1.71e-13  1.63e-05  2.00e-07    2.0e-07 (A)  1.0000  1.0000   1  1.0e-09  1.0e-09    0
   60  +9.1951e+01  1.97e-05  3.55e-15  1.14e-13  1.97e-05  2.00e-07    2.0e-07 (M)  1.0000  1.0000   1  1.0e-09  1.0e-09    0
   61  +9.1951e+01  8.86e-06  3.55e-15  1.14e-13  8.86e-06  2.00e-07    2.0e-07 (A)  1.0000  1.0000   1  1.0e-09  1.0e-09    0

OPTIMAL (within EQTOL=1.0e-06, INEQTOL=1.0e-06, STATTOL=1.0e-05, COMPTOL=1.0e-06).
Solve time: 32.372 ms (61 iterations)

